#P(s|Z)=5.662761e-04               
#nleg                 start  end   Op
1                     1      2     
2                     3      4     
3                     5      8     
4                     9      10    
5                     11     12    
6                     13     16    
7                     17     22    
8                     23     26    
9                     27     30    
10                    31     36    
11                    37     38    
12                    39     40    
13                    41     42    
14                    43     46    
15                    47     48    
16                    49     54    
17                    55     64    
18                    65     66    
19                    67     68    
20                    69     70    
21                    71     86    
22                    87     90    
23                    91     94    
24                    95     96    
25                    97     100   
26                    101    102   
27                    103    108   
28                    109    110   
29                    111    116   
30                    117    124   
31                    125    126   
32                    127    128   
33                    129    130   
34                    131    140   
35                    141    156   i
36                    157    158   i
37                    159    160   
38                    161    166   
39                    167    172   
40                    173    186   
41                    187    218   
42                    219    220   
43                    221    226   
44                    227    230   
45                    231    232   
46                    233    234   
47                    235    240   
48                    241    246   
49                    247    258   
50                    259    264   
51                    265    268   
52                    269    274   
53                    275    276   
54                    277    280   
55                    281    282   
56                    283    286   
57                    287    288   
58                    289    296   
59                    297    300   
60                    301    304   
61                    305    306   
62                    307    308   
63                    309    324   
64                    325    330   
65                    331    334   
66                    335    336   i
67                    337    338   i
68                    339    340   
69                    341    342   
70                    343    346   
71                    347    354   i
72                    355    394   i
73                    395    410   
74                    411    412   
75                    413    442   
76                    443    444   
77                    445    448   
78                    449    452   
79                    453    454   
80                    455    472   
81                    473    474   
82                    475    476   
83                    477    538   
84                    539    598   
85                    599    600   
86                    601    602   
87                    603    604   
88                    605    606   
89                    607    608   
90                    609    610   
91                    611    612   
92                    613    620   
93                    621    624   
94                    625    630   
95                    631    636   
96                    637    638   
97                    639    642   
98                    643    646   
99                    647    652   
100                   653    668   
101                   669    670   
102                   671    672   
103                   673    674   
104                   675    676   
105                   677    680   
106                   681    684   
107                   685    688   
108                   689    692   
109                   693    696   
110                   697    698   
111                   699    702   
112                   703    704   
113                   705    712   
114                   713    714   
115                   715    720   
116                   721    726   
117                   727    730   
118                   731    732   
119                   733    736   
120                   737    742   
121                   743    746   
122                   747    748   
123                   749    750   
124                   751    754   
125                   755    760   
126                   761    762   
127                   763    764   
128                   765    770   
129                   771    778   
130                   779    780   
131                   781    784   
132                   785    786   
133                   787    790   
134                   791    794   
135                   795    796   
136                   797    798   
137                   799    832   
138                   833    834   
139                   835    836   
140                   837    838   
141                   839    840   
142                   841    842   
143                   843    844   
144                   845    846   
145                   847    848   
146                   849    856   
147                   857    860   
148                   861    862   
149                   863    884   
150                   885    886   
151                   887    890   
152                   891    892   
153                   893    894   
154                   895    902   
155                   903    904   
156                   905    912   
157                   913    914   
158                   915    916   
159                   917    920   
160                   921    922   
161                   923    924   
162                   925    980   
163                   981    1006  
164                   1007   1032  
165                   1033   1036  
166                   1037   1042  
167                   1043   1044  
168                   1045   1052  
169                   1053   1066  d
170                   1067   1070  
171                   1071   1072  
172                   1073   1074  
173                   1075   1076  
174                   1077   1078  
175                   1079   1080  
176                   1081   1082  
177                   1083   1096  
178                   1097   1106  
179                   1107   1110  
180                   1111   1112  
181                   1113   1116  
182                   1117   1118  
183                   1119   1132  
184                   1133   1134  
185                   1135   1140  
186                   1141   1152  
187                   1153   1154  
188                   1155   1156  
189                   1157   1158  
190                   1159   1160  
191                   1161   1162  
192                   1163   1164  
193                   1165   1166  
194                   1167   1168  
195                   1169   1172  
196                   1173   1178  
197                   1179   1184  
198                   1185   1186  
199                   1187   1190  
200                   1191   1212  
201                   1213   1216  
202                   1217   1218  
203                   1219   1226  
204                   1227   1228  
205                   1229   1232  
206                   1233   1234  
207                   1235   1236  
208                   1237   1238  
209                   1239   1246  
210                   1247   1248  
211                   1249   1252  
212                   1253   1262  
213                   1263   1264  
214                   1265   1270  
215                   1271   1278  
216                   1279   1284  
217                   1285   1292  
218                   1293   1294  
219                   1295   1296  
220                   1297   1304  
221                   1305   1306  
222                   1307   1308  
223                   1309   1322  
224                   1323   1326  
225                   1327   1340  
226                   1341   1342  
227                   1343   1344  
228                   1345   1346  
229                   1347   1348  
230                   1349   1350  
231                   1351   1352  
232                   1353   1356  
233                   1357   1364  
234                   1365   1366  
235                   1367   1368  
236                   1369   1370  
237                   1371   1376  
238                   1377   1378  
239                   1379   1380  
240                   1381   1384  
241                   1385   1388  
242                   1389   1394  
243                   1395   1396  
244                   1397   1398  
245                   1399   1400  
246                   1401   1402  
247                   1403   1404  
248                   1405   1428  
249                   1429   1432  
250                   1433   1436  
251                   1437   1438  
252                   1439   1440  
253                   1441   1442  
254                   1443   1444  
255                   1445   1448  
256                   1449   1450  
257                   1451   1452  
258                   1453   1456  
259                   1457   1468  
260                   1469   1470  
261                   1471   1476  
262                   1477   1481  
