#P(s|Z)=5.533607e-04               
#nleg                 start  end   Op
1                     1      2     
2                     3      4     
3                     5      8     
4                     9      10    
5                     11     12    
6                     13     16    
7                     17     22    
8                     23     26    
9                     27     30    
10                    31     36    
11                    37     38    
12                    39     40    
13                    41     42    
14                    43     46    
15                    47     48    
16                    49     54    
17                    55     64    
18                    65     66    
19                    67     68    
20                    69     86    d
21                    87     90    
22                    91     94    
23                    95     96    
24                    97     100   
25                    101    102   
26                    103    108   
27                    109    110   
28                    111    116   
29                    117    124   
30                    125    126   
31                    127    128   
32                    129    130   
33                    131    140   
34                    141    156   i
35                    157    158   i
36                    159    160   
37                    161    166   
38                    167    172   
39                    173    186   
40                    187    218   
41                    219    220   
42                    221    226   
43                    227    230   
44                    231    232   
45                    233    234   
46                    235    240   
47                    241    246   
48                    247    258   
49                    259    264   
50                    265    268   
51                    269    274   
52                    275    276   
53                    277    280   
54                    281    282   
55                    283    286   
56                    287    288   
57                    289    296   
58                    297    300   
59                    301    304   
60                    305    306   
61                    307    308   
62                    309    324   
63                    325    330   
64                    331    334   
65                    335    336   i
66                    337    338   i
67                    339    340   
68                    341    342   
69                    343    346   
70                    347    394   
71                    395    410   
72                    411    412   
73                    413    442   
74                    443    444   
75                    445    448   
76                    449    452   
77                    453    454   
78                    455    472   
79                    473    474   
80                    475    476   
81                    477    538   
82                    539    598   
83                    599    600   
84                    601    604   d
85                    605    606   
86                    607    608   
87                    609    610   
88                    611    612   
89                    613    620   
90                    621    624   
91                    625    630   
92                    631    636   
93                    637    638   
94                    639    642   
95                    643    646   
96                    647    652   
97                    653    668   
98                    669    670   
99                    671    672   
100                   673    674   
101                   675    676   
102                   677    680   
103                   681    684   
104                   685    688   
105                   689    692   
106                   693    696   
107                   697    698   
108                   699    702   
109                   703    704   
110                   705    712   
111                   713    714   
112                   715    720   
113                   721    726   
114                   727    730   
115                   731    732   
116                   733    736   
117                   737    742   
118                   743    746   
119                   747    748   
120                   749    750   
121                   751    754   
122                   755    760   
123                   761    762   
124                   763    764   
125                   765    770   
126                   771    778   
127                   779    780   
128                   781    784   
129                   785    786   
130                   787    790   
131                   791    794   
132                   795    796   
133                   797    798   
134                   799    832   
135                   833    834   
136                   835    836   
137                   837    838   
138                   839    840   
139                   841    842   
140                   843    844   
141                   845    846   
142                   847    848   
143                   849    856   
144                   857    860   
145                   861    862   
146                   863    884   
147                   885    886   
148                   887    890   
149                   891    892   
150                   893    894   
151                   895    902   
152                   903    904   
153                   905    912   
154                   913    914   
155                   915    916   
156                   917    920   
157                   921    922   
158                   923    924   
159                   925    980   
160                   981    1006  
161                   1007   1032  
162                   1033   1036  
163                   1037   1042  
164                   1043   1044  
165                   1045   1052  
166                   1053   1066  d
167                   1067   1070  
168                   1071   1072  
169                   1073   1074  
170                   1075   1076  
171                   1077   1078  
172                   1079   1080  
173                   1081   1082  
174                   1083   1096  
175                   1097   1106  
176                   1107   1110  
177                   1111   1112  
178                   1113   1116  
179                   1117   1118  
180                   1119   1132  
181                   1133   1134  
182                   1135   1140  
183                   1141   1152  
184                   1153   1154  
185                   1155   1156  
186                   1157   1158  
187                   1159   1160  
188                   1161   1162  
189                   1163   1164  
190                   1165   1166  
191                   1167   1168  
192                   1169   1172  
193                   1173   1174  i
194                   1175   1178  i
195                   1179   1184  
196                   1185   1186  
197                   1187   1190  
198                   1191   1212  
199                   1213   1216  
200                   1217   1218  
201                   1219   1226  
202                   1227   1228  
203                   1229   1232  
204                   1233   1234  
205                   1235   1236  
206                   1237   1238  
207                   1239   1246  
208                   1247   1248  
209                   1249   1252  
210                   1253   1262  
211                   1263   1264  
212                   1265   1270  
213                   1271   1278  
214                   1279   1284  
215                   1285   1292  
216                   1293   1294  
217                   1295   1296  
218                   1297   1304  
219                   1305   1306  
220                   1307   1308  
221                   1309   1322  
222                   1323   1326  
223                   1327   1340  
224                   1341   1342  
225                   1343   1344  
226                   1345   1346  
227                   1347   1348  
228                   1349   1350  
229                   1351   1352  
230                   1353   1356  
231                   1357   1364  
232                   1365   1366  
233                   1367   1368  
234                   1369   1370  
235                   1371   1376  
236                   1377   1378  
237                   1379   1380  
238                   1381   1384  
239                   1385   1388  
240                   1389   1394  
241                   1395   1396  
242                   1397   1398  
243                   1399   1400  
244                   1401   1402  
245                   1403   1404  
246                   1405   1428  
247                   1429   1432  
248                   1433   1436  
249                   1437   1438  
250                   1439   1440  
251                   1441   1442  
252                   1443   1444  
253                   1445   1448  
254                   1449   1450  
255                   1451   1452  
256                   1453   1456  
257                   1457   1468  
258                   1469   1470  
259                   1471   1476  
260                   1477   1481  
