#P(s|Z)=4.224837e-04               
#nleg                 start  end   Op
1                     1      2     
2                     3      4     
3                     5      8     
4                     9      10    
5                     11     12    
6                     13     16    
7                     17     22    
8                     23     26    
9                     27     30    
10                    31     36    
11                    37     38    
12                    39     40    
13                    41     42    
14                    43     46    
15                    47     48    
16                    49     54    
17                    55     64    
18                    65     66    
19                    67     68    
20                    69     86    d
21                    87     90    
22                    91     94    
23                    95     96    
24                    97     100   
25                    101    102   
26                    103    108   
27                    109    110   
28                    111    116   
29                    117    124   
30                    125    126   
31                    127    128   
32                    129    130   
33                    131    140   
34                    141    156   i
35                    157    158   i
36                    159    160   
37                    161    166   
38                    167    172   
39                    173    186   
40                    187    218   
41                    219    220   
42                    221    226   
43                    227    230   
44                    231    232   
45                    233    234   
46                    235    240   
47                    241    246   
48                    247    258   
49                    259    264   
50                    265    268   
51                    269    274   
52                    275    276   
53                    277    280   
54                    281    282   
55                    283    286   
56                    287    288   
57                    289    296   
58                    297    300   
59                    301    304   
60                    305    306   
61                    307    308   
62                    309    324   
63                    325    330   
64                    331    334   
65                    335    336   i
66                    337    338   i
67                    339    340   
68                    341    342   
69                    343    346   
70                    347    394   
71                    395    410   
72                    411    412   
73                    413    442   
74                    443    444   
75                    445    448   
76                    449    452   
77                    453    454   
78                    455    472   
79                    473    474   
80                    475    476   
81                    477    538   
82                    539    598   
83                    599    600   
84                    601    602   
85                    603    604   
86                    605    606   
87                    607    608   
88                    609    610   
89                    611    612   
90                    613    620   
91                    621    624   
92                    625    630   
93                    631    636   
94                    637    638   
95                    639    642   
96                    643    646   
97                    647    652   
98                    653    668   
99                    669    670   
100                   671    672   
101                   673    674   
102                   675    676   
103                   677    680   
104                   681    684   
105                   685    688   
106                   689    692   
107                   693    696   
108                   697    698   
109                   699    702   
110                   703    704   
111                   705    712   
112                   713    714   
113                   715    720   
114                   721    726   
115                   727    730   
116                   731    732   
117                   733    736   
118                   737    742   
119                   743    746   
120                   747    748   
121                   749    750   
122                   751    754   
123                   755    760   
124                   761    762   
125                   763    764   
126                   765    770   
127                   771    778   
128                   779    780   
129                   781    784   
130                   785    786   
131                   787    790   
132                   791    794   
133                   795    796   
134                   797    798   
135                   799    832   
136                   833    834   
137                   835    836   
138                   837    838   
139                   839    840   
140                   841    842   
141                   843    844   
142                   845    846   
143                   847    848   
144                   849    856   
145                   857    860   
146                   861    862   
147                   863    884   
148                   885    886   
149                   887    890   
150                   891    892   
151                   893    894   
152                   895    902   
153                   903    904   
154                   905    912   
155                   913    914   
156                   915    916   
157                   917    920   
158                   921    922   
159                   923    924   
160                   925    944   i
161                   945    980   i
162                   981    1006  
163                   1007   1032  
164                   1033   1036  
165                   1037   1042  
166                   1043   1044  
167                   1045   1052  
168                   1053   1066  d
169                   1067   1070  
170                   1071   1072  
171                   1073   1074  
172                   1075   1076  
173                   1077   1078  
174                   1079   1080  
175                   1081   1082  
176                   1083   1096  
177                   1097   1106  
178                   1107   1110  
179                   1111   1112  
180                   1113   1116  
181                   1117   1118  
182                   1119   1132  
183                   1133   1134  
184                   1135   1140  
185                   1141   1152  
186                   1153   1154  
187                   1155   1156  
188                   1157   1158  
189                   1159   1160  
190                   1161   1162  
191                   1163   1164  
192                   1165   1166  
193                   1167   1168  
194                   1169   1172  
195                   1173   1178  
196                   1179   1184  
197                   1185   1186  
198                   1187   1190  
199                   1191   1212  
200                   1213   1216  
201                   1217   1218  
202                   1219   1226  
203                   1227   1228  
204                   1229   1232  
205                   1233   1234  
206                   1235   1236  
207                   1237   1238  
208                   1239   1246  
209                   1247   1248  
210                   1249   1252  
211                   1253   1262  
212                   1263   1264  
213                   1265   1270  
214                   1271   1278  
215                   1279   1284  
216                   1285   1292  
217                   1293   1294  
218                   1295   1296  
219                   1297   1304  
220                   1305   1306  
221                   1307   1308  
222                   1309   1322  
223                   1323   1326  
224                   1327   1340  
225                   1341   1342  
226                   1343   1344  
227                   1345   1346  
228                   1347   1348  
229                   1349   1350  
230                   1351   1352  
231                   1353   1356  
232                   1357   1364  
233                   1365   1366  
234                   1367   1368  
235                   1369   1370  
236                   1371   1376  
237                   1377   1378  
238                   1379   1380  
239                   1381   1384  
240                   1385   1388  
241                   1389   1394  
242                   1395   1396  
243                   1397   1398  
244                   1399   1400  
245                   1401   1402  
246                   1403   1404  
247                   1405   1428  
248                   1429   1432  
249                   1433   1436  
250                   1437   1438  
251                   1439   1440  
252                   1441   1442  
253                   1443   1444  
254                   1445   1448  
255                   1449   1450  
256                   1451   1452  
257                   1453   1456  
258                   1457   1468  
259                   1469   1470  
260                   1471   1476  
261                   1477   1481  
