#P(s|Z)=4.086042e-04               
#nleg                 start  end   Op
1                     1      2     
2                     3      4     
3                     5      8     
4                     9      10    
5                     11     12    
6                     13     16    
7                     17     22    
8                     23     26    
9                     27     30    
10                    31     36    
11                    37     38    
12                    39     40    
13                    41     42    
14                    43     46    
15                    47     48    
16                    49     54    
17                    55     64    
18                    65     66    
19                    67     68    
20                    69     86    d
21                    87     90    
22                    91     94    
23                    95     96    
24                    97     100   
25                    101    102   
26                    103    108   
27                    109    110   
28                    111    116   
29                    117    124   
30                    125    126   
31                    127    128   
32                    129    130   
33                    131    140   
34                    141    158   
35                    159    160   
36                    161    166   
37                    167    172   
38                    173    186   
39                    187    218   
40                    219    220   
41                    221    226   
42                    227    230   
43                    231    232   
44                    233    234   
45                    235    240   
46                    241    246   
47                    247    258   
48                    259    264   
49                    265    268   
50                    269    274   
51                    275    276   
52                    277    280   
53                    281    282   
54                    283    286   
55                    287    288   
56                    289    296   
57                    297    300   
58                    301    304   
59                    305    306   
60                    307    308   
61                    309    324   
62                    325    330   
63                    331    334   
64                    335    336   i
65                    337    338   i
66                    339    340   
67                    341    342   
68                    343    346   
69                    347    374   i
70                    375    394   i
71                    395    410   
72                    411    412   
73                    413    442   
74                    443    444   
75                    445    448   
76                    449    452   
77                    453    454   
78                    455    472   
79                    473    474   
80                    475    476   
81                    477    538   
82                    539    598   
83                    599    600   
84                    601    602   
85                    603    604   
86                    605    606   
87                    607    608   
88                    609    610   
89                    611    612   
90                    613    620   
91                    621    624   
92                    625    630   
93                    631    636   
94                    637    638   
95                    639    642   
96                    643    646   
97                    647    652   
98                    653    668   
99                    669    670   
100                   671    672   
101                   673    674   
102                   675    676   
103                   677    680   
104                   681    684   
105                   685    688   
106                   689    692   
107                   693    696   
108                   697    698   
109                   699    702   
110                   703    704   
111                   705    712   
112                   713    714   
113                   715    720   
114                   721    726   
115                   727    730   
116                   731    732   
117                   733    736   
118                   737    742   
119                   743    746   
120                   747    748   
121                   749    750   
122                   751    754   
123                   755    760   
124                   761    762   
125                   763    764   
126                   765    770   
127                   771    778   
128                   779    780   
129                   781    784   
130                   785    786   
131                   787    790   
132                   791    794   
133                   795    796   
134                   797    798   
135                   799    832   
136                   833    834   
137                   835    836   
138                   837    838   
139                   839    840   
140                   841    842   
141                   843    844   
142                   845    846   
143                   847    848   
144                   849    856   
145                   857    860   
146                   861    862   
147                   863    884   
148                   885    886   
149                   887    890   
150                   891    892   
151                   893    894   
152                   895    902   
153                   903    904   
154                   905    912   
155                   913    914   
156                   915    916   
157                   917    920   
158                   921    922   
159                   923    924   
160                   925    980   
161                   981    1006  
162                   1007   1032  
163                   1033   1036  
164                   1037   1042  
165                   1043   1044  
166                   1045   1052  
167                   1053   1066  d
168                   1067   1070  
169                   1071   1072  
170                   1073   1074  
171                   1075   1076  
172                   1077   1078  
173                   1079   1080  
174                   1081   1082  
175                   1083   1096  
176                   1097   1106  
177                   1107   1110  
178                   1111   1112  
179                   1113   1116  
180                   1117   1118  
181                   1119   1132  
182                   1133   1134  
183                   1135   1140  
184                   1141   1152  
185                   1153   1154  
186                   1155   1156  
187                   1157   1158  
188                   1159   1160  
189                   1161   1162  
190                   1163   1164  
191                   1165   1166  
192                   1167   1168  
193                   1169   1172  
194                   1173   1178  
195                   1179   1184  
196                   1185   1186  
197                   1187   1190  
198                   1191   1212  
199                   1213   1216  
200                   1217   1218  
201                   1219   1226  
202                   1227   1228  
203                   1229   1234  d
204                   1235   1236  
205                   1237   1238  
206                   1239   1246  
207                   1247   1248  
208                   1249   1252  
209                   1253   1262  
210                   1263   1264  
211                   1265   1270  
212                   1271   1278  
213                   1279   1284  
214                   1285   1292  
215                   1293   1294  
216                   1295   1296  
217                   1297   1304  
218                   1305   1306  
219                   1307   1308  
220                   1309   1322  
221                   1323   1326  
222                   1327   1340  
223                   1341   1342  
224                   1343   1344  
225                   1345   1346  
226                   1347   1348  
227                   1349   1350  
228                   1351   1352  
229                   1353   1356  
230                   1357   1364  
231                   1365   1366  
232                   1367   1368  
233                   1369   1370  
234                   1371   1376  
235                   1377   1378  
236                   1379   1380  
237                   1381   1384  
238                   1385   1388  
239                   1389   1394  
240                   1395   1396  
241                   1397   1398  
242                   1399   1400  
243                   1401   1402  
244                   1403   1404  
245                   1405   1428  
246                   1429   1432  
247                   1433   1436  
248                   1437   1438  
249                   1439   1440  
250                   1441   1442  
251                   1443   1444  
252                   1445   1448  
253                   1449   1450  
254                   1451   1452  
255                   1453   1456  
256                   1457   1468  
257                   1469   1470  
258                   1471   1476  
259                   1477   1481  
