#P(s|Z)=3.165869e-02               
#nleg                 start  end   Op
1                     1      2     
2                     3      4     
3                     5      8     
4                     9      10    
5                     11     12    
6                     13     16    
7                     17     22    
8                     23     26    
9                     27     30    
10                    31     36    
11                    37     38    
12                    39     40    
13                    41     42    
14                    43     46    
15                    47     48    
16                    49     54    
17                    55     64    
18                    65     66    
19                    67     68    
20                    69     86    d
21                    87     90    
22                    91     94    
23                    95     96    
24                    97     100   
25                    101    102   
26                    103    108   
27                    109    110   
28                    111    116   
29                    117    124   
30                    125    126   
31                    127    128   
32                    129    130   
33                    131    140   
34                    141    158   
35                    159    160   
36                    161    166   
37                    167    172   
38                    173    186   
39                    187    218   
40                    219    220   
41                    221    226   
42                    227    230   
43                    231    232   
44                    233    234   
45                    235    240   
46                    241    246   
47                    247    258   
48                    259    264   
49                    265    268   
50                    269    274   
51                    275    276   
52                    277    280   
53                    281    282   
54                    283    286   
55                    287    288   
56                    289    296   
57                    297    300   
58                    301    304   
59                    305    306   
60                    307    308   
61                    309    324   
62                    325    330   
63                    331    334   
64                    335    336   i
65                    337    338   i
66                    339    340   
67                    341    342   
68                    343    346   
69                    347    394   
70                    395    410   
71                    411    412   
72                    413    442   
73                    443    444   
74                    445    448   
75                    449    452   
76                    453    454   
77                    455    472   
78                    473    474   
79                    475    476   
80                    477    538   
81                    539    598   
82                    599    600   
83                    601    602   
84                    603    604   
85                    605    606   
86                    607    608   
87                    609    610   
88                    611    612   
89                    613    620   
90                    621    624   
91                    625    630   
92                    631    636   
93                    637    638   
94                    639    642   
95                    643    646   
96                    647    652   
97                    653    668   
98                    669    670   
99                    671    672   
100                   673    674   
101                   675    676   
102                   677    680   
103                   681    684   
104                   685    688   
105                   689    692   
106                   693    696   
107                   697    698   
108                   699    702   
109                   703    704   
110                   705    712   
111                   713    714   
112                   715    720   
113                   721    726   
114                   727    730   
115                   731    732   
116                   733    736   
117                   737    742   
118                   743    746   
119                   747    748   
120                   749    750   
121                   751    754   
122                   755    760   
123                   761    762   
124                   763    764   
125                   765    770   
126                   771    778   
127                   779    780   
128                   781    784   
129                   785    786   
130                   787    790   
131                   791    794   
132                   795    796   
133                   797    798   
134                   799    832   
135                   833    834   
136                   835    836   
137                   837    838   
138                   839    840   
139                   841    842   
140                   843    844   
141                   845    846   
142                   847    848   
143                   849    856   
144                   857    860   
145                   861    862   
146                   863    884   
147                   885    886   
148                   887    890   
149                   891    892   
150                   893    894   
151                   895    902   
152                   903    904   
153                   905    912   
154                   913    914   
155                   915    916   
156                   917    920   
157                   921    922   
158                   923    924   
159                   925    980   
160                   981    1006  
161                   1007   1032  
162                   1033   1036  
163                   1037   1042  
164                   1043   1044  
165                   1045   1052  
166                   1053   1066  d
167                   1067   1070  
168                   1071   1072  
169                   1073   1074  
170                   1075   1076  
171                   1077   1078  
172                   1079   1080  
173                   1081   1082  
174                   1083   1096  
175                   1097   1106  
176                   1107   1110  
177                   1111   1112  
178                   1113   1116  
179                   1117   1118  
180                   1119   1132  
181                   1133   1134  
182                   1135   1152  d
183                   1153   1154  
184                   1155   1156  
185                   1157   1158  
186                   1159   1160  
187                   1161   1162  
188                   1163   1164  
189                   1165   1166  
190                   1167   1168  
191                   1169   1172  
192                   1173   1178  
193                   1179   1184  
194                   1185   1186  
195                   1187   1190  
196                   1191   1212  
197                   1213   1216  
198                   1217   1218  
199                   1219   1226  
200                   1227   1228  
201                   1229   1232  
202                   1233   1234  
203                   1235   1236  
204                   1237   1238  
205                   1239   1246  
206                   1247   1248  
207                   1249   1252  
208                   1253   1262  
209                   1263   1264  
210                   1265   1270  
211                   1271   1278  
212                   1279   1284  
213                   1285   1292  
214                   1293   1294  
215                   1295   1296  
216                   1297   1304  
217                   1305   1306  
218                   1307   1308  
219                   1309   1322  
220                   1323   1326  
221                   1327   1340  
222                   1341   1342  
223                   1343   1344  
224                   1345   1346  
225                   1347   1348  
226                   1349   1350  
227                   1351   1352  
228                   1353   1356  
229                   1357   1364  
230                   1365   1366  
231                   1367   1368  
232                   1369   1370  
233                   1371   1376  
234                   1377   1378  
235                   1379   1380  
236                   1381   1384  
237                   1385   1388  
238                   1389   1394  
239                   1395   1396  
240                   1397   1398  
241                   1399   1400  
242                   1401   1402  
243                   1403   1404  
244                   1405   1428  
245                   1429   1432  
246                   1433   1436  
247                   1437   1438  
248                   1439   1440  
249                   1441   1442  
250                   1443   1444  
251                   1445   1448  
252                   1449   1450  
253                   1451   1452  
254                   1453   1456  
255                   1457   1468  
256                   1469   1470  
257                   1471   1476  
258                   1477   1481  
