#P(s|Z)=1.576509e-03               
#nleg                 start  end   Op
1                     1      2     
2                     3      4     
3                     5      8     
4                     9      10    
5                     11     12    
6                     13     16    
7                     17     22    
8                     23     26    
9                     27     30    
10                    31     36    
11                    37     38    
12                    39     40    
13                    41     42    
14                    43     46    
15                    47     48    
16                    49     54    
17                    55     64    
18                    65     66    
19                    67     68    
20                    69     70    
21                    71     86    
22                    87     90    
23                    91     94    
24                    95     96    
25                    97     100   
26                    101    102   
27                    103    108   
28                    109    110   
29                    111    116   
30                    117    124   
31                    125    126   
32                    127    128   
33                    129    130   
34                    131    140   
35                    141    158   
36                    159    160   
37                    161    166   
38                    167    172   
39                    173    186   
40                    187    218   
41                    219    220   
42                    221    226   
43                    227    230   
44                    231    232   
45                    233    234   
46                    235    240   
47                    241    246   
48                    247    258   
49                    259    264   
50                    265    268   
51                    269    274   
52                    275    276   
53                    277    280   
54                    281    282   
55                    283    286   
56                    287    288   
57                    289    296   
58                    297    300   
59                    301    304   
60                    305    306   
61                    307    308   
62                    309    324   
63                    325    330   
64                    331    334   
65                    335    336   i
66                    337    338   i
67                    339    340   
68                    341    342   
69                    343    346   
70                    347    394   
71                    395    410   
72                    411    412   
73                    413    442   
74                    443    444   
75                    445    448   
76                    449    452   
77                    453    454   
78                    455    472   
79                    473    474   
80                    475    476   
81                    477    538   
82                    539    598   
83                    599    600   
84                    601    602   
85                    603    604   
86                    605    606   
87                    607    608   
88                    609    610   
89                    611    612   
90                    613    620   
91                    621    624   
92                    625    630   
93                    631    636   
94                    637    638   
95                    639    642   
96                    643    646   
97                    647    652   
98                    653    668   
99                    669    670   
100                   671    672   
101                   673    674   
102                   675    676   
103                   677    680   
104                   681    684   
105                   685    688   
106                   689    692   
107                   693    696   
108                   697    698   
109                   699    702   
110                   703    704   
111                   705    712   
112                   713    714   
113                   715    720   
114                   721    726   
115                   727    730   
116                   731    732   
117                   733    736   
118                   737    742   
119                   743    746   
120                   747    748   
121                   749    750   
122                   751    754   
123                   755    760   
124                   761    762   
125                   763    764   
126                   765    770   
127                   771    778   
128                   779    780   
129                   781    784   
130                   785    786   
131                   787    790   
132                   791    794   
133                   795    796   
134                   797    798   
135                   799    832   
136                   833    834   
137                   835    836   
138                   837    838   
139                   839    840   
140                   841    842   
141                   843    844   
142                   845    846   
143                   847    848   
144                   849    856   
145                   857    860   
146                   861    862   
147                   863    884   
148                   885    886   
149                   887    890   
150                   891    892   
151                   893    894   
152                   895    902   
153                   903    904   
154                   905    912   
155                   913    914   
156                   915    916   
157                   917    920   
158                   921    922   
159                   923    924   
160                   925    980   
161                   981    1006  
162                   1007   1032  
163                   1033   1036  
164                   1037   1042  
165                   1043   1044  
166                   1045   1052  
167                   1053   1066  d
168                   1067   1070  
169                   1071   1072  
170                   1073   1074  
171                   1075   1076  
172                   1077   1078  
173                   1079   1080  
174                   1081   1082  
175                   1083   1096  
176                   1097   1106  
177                   1107   1110  
178                   1111   1112  
179                   1113   1116  
180                   1117   1118  
181                   1119   1132  
182                   1133   1134  
183                   1135   1152  d
184                   1153   1154  
185                   1155   1156  
186                   1157   1158  
187                   1159   1160  
188                   1161   1162  
189                   1163   1164  
190                   1165   1166  
191                   1167   1168  
192                   1169   1172  
193                   1173   1174  i
194                   1175   1178  i
195                   1179   1184  
196                   1185   1186  
197                   1187   1190  
198                   1191   1212  
199                   1213   1216  
200                   1217   1218  
201                   1219   1226  
202                   1227   1228  
203                   1229   1232  
204                   1233   1234  
205                   1235   1236  
206                   1237   1238  
207                   1239   1246  
208                   1247   1248  
209                   1249   1252  
210                   1253   1262  
211                   1263   1264  
212                   1265   1270  
213                   1271   1278  
214                   1279   1284  
215                   1285   1292  
216                   1293   1294  
217                   1295   1296  
218                   1297   1304  
219                   1305   1306  
220                   1307   1308  
221                   1309   1322  
222                   1323   1326  
223                   1327   1340  
224                   1341   1342  
225                   1343   1344  
226                   1345   1346  
227                   1347   1348  
228                   1349   1350  
229                   1351   1352  
230                   1353   1356  
231                   1357   1364  
232                   1365   1366  
233                   1367   1368  
234                   1369   1370  
235                   1371   1376  
236                   1377   1378  
237                   1379   1380  
238                   1381   1384  
239                   1385   1388  
240                   1389   1394  
241                   1395   1396  
242                   1397   1398  
243                   1399   1400  
244                   1401   1402  
245                   1403   1404  
246                   1405   1428  
247                   1429   1432  
248                   1433   1436  
249                   1437   1438  
250                   1439   1440  
251                   1441   1442  
252                   1443   1444  
253                   1445   1448  
254                   1449   1450  
255                   1451   1452  
256                   1453   1456  
257                   1457   1468  
258                   1469   1470  
259                   1471   1476  
260                   1477   1481  
