#P(s|Z)=1.475538e-03               
#nleg                 start  end   Op
1                     1      2     
2                     3      4     
3                     5      8     
4                     9      10    
5                     11     12    
6                     13     16    
7                     17     22    
8                     23     26    
9                     27     30    
10                    31     36    
11                    37     38    
12                    39     40    
13                    41     42    
14                    43     46    
15                    47     48    
16                    49     54    
17                    55     64    
18                    65     66    
19                    67     68    
20                    69     70    
21                    71     86    
22                    87     90    
23                    91     94    
24                    95     96    
25                    97     100   
26                    101    102   
27                    103    108   
28                    109    110   
29                    111    116   
30                    117    124   
31                    125    126   
32                    127    128   
33                    129    130   
34                    131    140   
35                    141    156   i
36                    157    158   i
37                    159    160   
38                    161    166   
39                    167    172   
40                    173    186   
41                    187    218   
42                    219    220   
43                    221    226   
44                    227    230   
45                    231    232   
46                    233    234   
47                    235    240   
48                    241    246   
49                    247    258   
50                    259    264   
51                    265    268   
52                    269    274   
53                    275    276   
54                    277    280   
55                    281    282   
56                    283    286   
57                    287    288   
58                    289    296   
59                    297    300   
60                    301    304   
61                    305    306   
62                    307    308   
63                    309    324   
64                    325    330   
65                    331    334   
66                    335    336   i
67                    337    338   i
68                    339    340   
69                    341    342   
70                    343    346   
71                    347    394   
72                    395    410   
73                    411    412   
74                    413    442   
75                    443    444   
76                    445    448   
77                    449    452   
78                    453    454   
79                    455    472   
80                    473    474   
81                    475    476   
82                    477    538   
83                    539    598   
84                    599    600   
85                    601    602   
86                    603    604   
87                    605    606   
88                    607    608   
89                    609    610   
90                    611    612   
91                    613    620   
92                    621    624   
93                    625    630   
94                    631    636   
95                    637    638   
96                    639    642   
97                    643    646   
98                    647    652   
99                    653    668   
100                   669    670   
101                   671    672   
102                   673    674   
103                   675    676   
104                   677    680   
105                   681    684   
106                   685    688   
107                   689    692   
108                   693    696   
109                   697    698   
110                   699    702   
111                   703    704   
112                   705    712   
113                   713    714   
114                   715    720   
115                   721    726   
116                   727    730   
117                   731    732   
118                   733    736   
119                   737    742   
120                   743    746   
121                   747    748   
122                   749    750   
123                   751    754   
124                   755    760   
125                   761    762   
126                   763    764   
127                   765    770   
128                   771    778   
129                   779    780   
130                   781    784   
131                   785    786   
132                   787    790   
133                   791    794   
134                   795    796   
135                   797    798   
136                   799    832   
137                   833    834   
138                   835    836   
139                   837    838   
140                   839    840   
141                   841    842   
142                   843    844   
143                   845    846   
144                   847    848   
145                   849    856   
146                   857    860   
147                   861    862   
148                   863    884   
149                   885    886   
150                   887    890   
151                   891    892   
152                   893    894   
153                   895    902   
154                   903    904   
155                   905    912   
156                   913    914   
157                   915    916   
158                   917    920   
159                   921    922   
160                   923    924   
161                   925    980   
162                   981    1006  
163                   1007   1032  
164                   1033   1036  
165                   1037   1042  
166                   1043   1044  
167                   1045   1052  
168                   1053   1066  d
169                   1067   1070  
170                   1071   1072  
171                   1073   1074  
172                   1075   1076  
173                   1077   1078  
174                   1079   1080  
175                   1081   1082  
176                   1083   1096  
177                   1097   1106  
178                   1107   1110  
179                   1111   1112  
180                   1113   1116  
181                   1117   1118  
182                   1119   1132  
183                   1133   1134  
184                   1135   1140  
185                   1141   1152  
186                   1153   1154  
187                   1155   1156  
188                   1157   1158  
189                   1159   1160  
190                   1161   1162  
191                   1163   1164  
192                   1165   1166  
193                   1167   1168  
194                   1169   1172  
195                   1173   1174  i
196                   1175   1178  i
197                   1179   1184  
198                   1185   1186  
199                   1187   1190  
200                   1191   1212  
201                   1213   1216  
202                   1217   1218  
203                   1219   1226  
204                   1227   1228  
205                   1229   1234  d
206                   1235   1236  
207                   1237   1238  
208                   1239   1246  
209                   1247   1248  
210                   1249   1252  
211                   1253   1262  
212                   1263   1264  
213                   1265   1270  
214                   1271   1278  
215                   1279   1284  
216                   1285   1292  
217                   1293   1294  
218                   1295   1296  
219                   1297   1304  
220                   1305   1306  
221                   1307   1308  
222                   1309   1322  
223                   1323   1326  
224                   1327   1340  
225                   1341   1342  
226                   1343   1344  
227                   1345   1346  
228                   1347   1348  
229                   1349   1350  
230                   1351   1352  
231                   1353   1356  
232                   1357   1364  
233                   1365   1366  
234                   1367   1368  
235                   1369   1370  
236                   1371   1376  
237                   1377   1378  
238                   1379   1380  
239                   1381   1384  
240                   1385   1388  
241                   1389   1394  
242                   1395   1396  
243                   1397   1398  
244                   1399   1400  
245                   1401   1402  
246                   1403   1404  
247                   1405   1428  
248                   1429   1432  
249                   1433   1436  
250                   1437   1438  
251                   1439   1440  
252                   1441   1442  
253                   1443   1444  
254                   1445   1448  
255                   1449   1450  
256                   1451   1452  
257                   1453   1456  
258                   1457   1468  
259                   1469   1470  
260                   1471   1476  
261                   1477   1481  
