#P(s|Z)=1.122697e-03               
#nleg                 start  end   Op
1                     1      2     
2                     3      4     
3                     5      8     
4                     9      10    
5                     11     12    
6                     13     16    
7                     17     22    
8                     23     26    
9                     27     30    
10                    31     36    
11                    37     38    
12                    39     40    
13                    41     42    
14                    43     46    
15                    47     48    
16                    49     54    
17                    55     64    
18                    65     66    
19                    67     68    
20                    69     86    d
21                    87     90    
22                    91     94    
23                    95     96    
24                    97     100   
25                    101    102   
26                    103    108   
27                    109    110   
28                    111    116   
29                    117    124   
30                    125    126   
31                    127    128   
32                    129    130   
33                    131    140   
34                    141    158   
35                    159    160   
36                    161    166   
37                    167    172   
38                    173    186   
39                    187    218   
40                    219    220   
41                    221    226   
42                    227    230   
43                    231    232   
44                    233    234   
45                    235    240   
46                    241    246   
47                    247    258   
48                    259    264   
49                    265    268   
50                    269    274   
51                    275    276   
52                    277    280   
53                    281    282   
54                    283    286   
55                    287    288   
56                    289    296   
57                    297    300   
58                    301    304   
59                    305    306   
60                    307    308   
61                    309    324   
62                    325    330   
63                    331    334   
64                    335    336   i
65                    337    338   i
66                    339    340   
67                    341    342   
68                    343    346   
69                    347    394   
70                    395    410   
71                    411    412   
72                    413    442   
73                    443    444   
74                    445    448   
75                    449    452   
76                    453    454   
77                    455    472   
78                    473    474   
79                    475    476   
80                    477    538   
81                    539    598   
82                    599    600   
83                    601    602   
84                    603    604   
85                    605    606   
86                    607    608   
87                    609    610   
88                    611    612   
89                    613    620   
90                    621    624   
91                    625    630   
92                    631    636   
93                    637    638   
94                    639    642   
95                    643    646   
96                    647    652   
97                    653    668   
98                    669    670   
99                    671    672   
100                   673    674   
101                   675    676   
102                   677    680   
103                   681    684   
104                   685    688   
105                   689    692   
106                   693    696   
107                   697    698   
108                   699    702   
109                   703    704   
110                   705    712   
111                   713    714   
112                   715    720   
113                   721    726   
114                   727    730   
115                   731    732   
116                   733    736   
117                   737    742   
118                   743    746   
119                   747    748   
120                   749    750   
121                   751    754   
122                   755    760   
123                   761    762   
124                   763    764   
125                   765    770   
126                   771    778   
127                   779    780   
128                   781    784   
129                   785    786   
130                   787    790   
131                   791    794   
132                   795    796   
133                   797    798   
134                   799    832   
135                   833    834   
136                   835    836   
137                   837    838   
138                   839    840   
139                   841    842   
140                   843    844   
141                   845    846   
142                   847    848   
143                   849    856   
144                   857    860   
145                   861    862   
146                   863    884   
147                   885    886   
148                   887    890   
149                   891    892   
150                   893    894   
151                   895    902   
152                   903    904   
153                   905    912   
154                   913    914   
155                   915    916   
156                   917    920   
157                   921    922   
158                   923    924   
159                   925    944   i
160                   945    980   i
161                   981    1006  
162                   1007   1032  
163                   1033   1036  
164                   1037   1042  
165                   1043   1044  
166                   1045   1052  
167                   1053   1066  d
168                   1067   1070  
169                   1071   1072  
170                   1073   1074  
171                   1075   1076  
172                   1077   1078  
173                   1079   1080  
174                   1081   1082  
175                   1083   1096  
176                   1097   1106  
177                   1107   1110  
178                   1111   1112  
179                   1113   1116  
180                   1117   1118  
181                   1119   1132  
182                   1133   1134  
183                   1135   1140  
184                   1141   1152  
185                   1153   1154  
186                   1155   1156  
187                   1157   1158  
188                   1159   1160  
189                   1161   1162  
190                   1163   1164  
191                   1165   1166  
192                   1167   1168  
193                   1169   1172  
194                   1173   1178  
195                   1179   1184  
196                   1185   1186  
197                   1187   1190  
198                   1191   1212  
199                   1213   1216  
200                   1217   1218  
201                   1219   1226  
202                   1227   1228  
203                   1229   1234  d
204                   1235   1236  
205                   1237   1238  
206                   1239   1246  
207                   1247   1248  
208                   1249   1252  
209                   1253   1262  
210                   1263   1264  
211                   1265   1270  
212                   1271   1278  
213                   1279   1284  
214                   1285   1292  
215                   1293   1294  
216                   1295   1296  
217                   1297   1304  
218                   1305   1306  
219                   1307   1308  
220                   1309   1322  
221                   1323   1326  
222                   1327   1340  
223                   1341   1342  
224                   1343   1344  
225                   1345   1346  
226                   1347   1348  
227                   1349   1350  
228                   1351   1352  
229                   1353   1356  
230                   1357   1364  
231                   1365   1366  
232                   1367   1368  
233                   1369   1370  
234                   1371   1376  
235                   1377   1378  
236                   1379   1380  
237                   1381   1384  
238                   1385   1388  
239                   1389   1394  
240                   1395   1396  
241                   1397   1398  
242                   1399   1400  
243                   1401   1402  
244                   1403   1404  
245                   1405   1428  
246                   1429   1432  
247                   1433   1436  
248                   1437   1438  
249                   1439   1440  
250                   1441   1442  
251                   1443   1444  
252                   1445   1448  
253                   1449   1450  
254                   1451   1452  
255                   1453   1456  
256                   1457   1468  
257                   1469   1470  
258                   1471   1476  
259                   1477   1481  
