#P(s|Z)=6.262477e-04               
#nleg                 start  end   Op
1                     1      2     
2                     3      4     
3                     5      8     
4                     9      10    
5                     11     12    
6                     13     16    
7                     17     22    
8                     23     26    
9                     27     30    
10                    31     36    
11                    37     38    
12                    39     40    
13                    41     42    
14                    43     46    
15                    47     48    
16                    49     54    
17                    55     64    
18                    65     66    
19                    67     68    
20                    69     86    d
21                    87     90    
22                    91     94    
23                    95     96    
24                    97     100   
25                    101    102   
26                    103    108   
27                    109    110   
28                    111    116   
29                    117    124   
30                    125    126   
31                    127    128   
32                    129    130   
33                    131    140   
34                    141    158   
35                    159    160   
36                    161    166   
37                    167    172   
38                    173    186   
39                    187    218   
40                    219    220   
41                    221    226   
42                    227    230   
43                    231    232   
44                    233    234   
45                    235    240   
46                    241    246   
47                    247    258   
48                    259    264   
49                    265    268   
50                    269    274   
51                    275    276   
52                    277    280   
53                    281    282   
54                    283    286   
55                    287    288   
56                    289    296   
57                    297    300   
58                    301    304   
59                    305    306   
60                    307    308   
61                    309    324   
62                    325    330   
63                    331    334   
64                    335    336   i
65                    337    338   i
66                    339    340   
67                    341    342   
68                    343    346   
69                    347    394   
70                    395    410   
71                    411    412   
72                    413    442   
73                    443    444   
74                    445    448   
75                    449    452   
76                    453    454   
77                    455    472   
78                    473    474   
79                    475    476   
80                    477    538   
81                    539    598   
82                    599    600   
83                    601    604   d
84                    605    606   
85                    607    608   
86                    609    610   
87                    611    612   
88                    613    620   
89                    621    624   
90                    625    630   
91                    631    636   
92                    637    638   
93                    639    642   
94                    643    646   
95                    647    652   
96                    653    668   
97                    669    670   
98                    671    672   
99                    673    674   
100                   675    676   
101                   677    680   
102                   681    684   
103                   685    688   
104                   689    692   
105                   693    696   
106                   697    698   
107                   699    702   
108                   703    704   
109                   705    712   
110                   713    714   
111                   715    720   
112                   721    726   
113                   727    730   
114                   731    732   
115                   733    736   
116                   737    742   
117                   743    746   
118                   747    748   
119                   749    750   
120                   751    754   
121                   755    760   
122                   761    762   
123                   763    764   
124                   765    770   
125                   771    778   
126                   779    780   
127                   781    784   
128                   785    786   
129                   787    790   
130                   791    794   
131                   795    796   
132                   797    798   
133                   799    832   
134                   833    834   
135                   835    836   
136                   837    838   
137                   839    840   
138                   841    842   
139                   843    844   
140                   845    846   
141                   847    848   
142                   849    856   
143                   857    860   
144                   861    862   
145                   863    884   
146                   885    886   
147                   887    890   
148                   891    892   
149                   893    894   
150                   895    902   
151                   903    904   
152                   905    912   
153                   913    914   
154                   915    916   
155                   917    920   
156                   921    922   
157                   923    924   
158                   925    980   
159                   981    1006  
160                   1007   1032  
161                   1033   1036  
162                   1037   1042  
163                   1043   1044  
164                   1045   1052  
165                   1053   1066  d
166                   1067   1070  
167                   1071   1072  
168                   1073   1074  
169                   1075   1076  
170                   1077   1078  
171                   1079   1080  
172                   1081   1082  
173                   1083   1096  
174                   1097   1106  
175                   1107   1110  
176                   1111   1112  
177                   1113   1116  
178                   1117   1118  
179                   1119   1132  
180                   1133   1134  
181                   1135   1152  d
182                   1153   1154  
183                   1155   1156  
184                   1157   1158  
185                   1159   1160  
186                   1161   1162  
187                   1163   1164  
188                   1165   1166  
189                   1167   1168  
190                   1169   1172  
191                   1173   1178  
192                   1179   1184  
193                   1185   1186  
194                   1187   1190  
195                   1191   1212  
196                   1213   1216  
197                   1217   1218  
198                   1219   1226  
199                   1227   1228  
200                   1229   1232  
201                   1233   1234  
202                   1235   1236  
203                   1237   1238  
204                   1239   1246  
205                   1247   1248  
206                   1249   1252  
207                   1253   1262  
208                   1263   1264  
209                   1265   1270  
210                   1271   1278  
211                   1279   1284  
212                   1285   1292  
213                   1293   1294  
214                   1295   1296  
215                   1297   1304  
216                   1305   1306  
217                   1307   1308  
218                   1309   1322  
219                   1323   1326  
220                   1327   1340  
221                   1341   1342  
222                   1343   1344  
223                   1345   1346  
224                   1347   1348  
225                   1349   1350  
226                   1351   1352  
227                   1353   1356  
228                   1357   1364  
229                   1365   1366  
230                   1367   1368  
231                   1369   1370  
232                   1371   1376  
233                   1377   1378  
234                   1379   1380  
235                   1381   1384  
236                   1385   1388  
237                   1389   1394  
238                   1395   1396  
239                   1397   1398  
240                   1399   1400  
241                   1401   1402  
242                   1403   1404  
243                   1405   1428  
244                   1429   1432  
245                   1433   1436  
246                   1437   1438  
247                   1439   1440  
248                   1441   1442  
249                   1443   1444  
250                   1445   1448  
251                   1449   1450  
252                   1451   1452  
253                   1453   1456  
254                   1457   1468  
255                   1469   1470  
256                   1471   1476  
257                   1477   1481  
