                       rscored                       probSegm                       probText                 nbest_probSegm                          #Errs                         Err(%)
         7.520484725632725e-22                     0.09749145          7.713994125261985e-21                              2                              8                       0.540176
         5.487612569175911e-22                      0.1207073           4.54621432935366e-21                              1                              6                       0.405132
         4.455268642214677e-22                     0.07433744          5.993303834803401e-21                              4                             10                       0.675219
         3.250959252182634e-22                     0.09203958           3.53213177654943e-21                              3                              8                       0.540176
        2.8045794286440923e-22                     0.02556972         1.0968361908711132e-20                             10                             10                       0.675219
         2.370169716548849e-22                     0.02963104          7.998942043711085e-21                              7                             10                       0.675219
         2.046469681176261e-22                     0.03165869          6.464164124214429e-21                              6                              8                       0.540176
        1.7294863083393596e-22                     0.03668715          4.714147346794067e-21                              5                              8                       0.540176
        1.6614820890160968e-22                     0.01949696          8.521749488207888e-21                             15                             12                       0.810263
         1.404131131047999e-22                     0.02259374          6.214691020822577e-21                             13                             12                       0.810263
        1.2123650089479379e-22                     0.02413982          5.022262009194509e-21                             11                             10                       0.675219
        1.1173223197824168e-22                     0.02304191          4.849087249201203e-21                             12                             10                       0.675219
        1.0245783635716194e-22                     0.02797403         3.6626055079358224e-21                              9                             10                       0.675219
         8.838963133485206e-23                    0.007771526         1.1373523209579697e-20                             21                             12                       0.810263
         8.152974510215072e-23                     0.02852893         2.8577919011386235e-21                              8                              8                       0.540176
          6.61921354243076e-23                      0.0175695          3.767445597444868e-21                             16                             12                       0.810263
         6.449691802056617e-23                    0.009622177          6.702944460548394e-21                             17                             10                       0.675219
         5.236359303599206e-23                    0.005925806          8.836535154203844e-21                             31                             14                       0.945307
        4.8421727299563977e-23                     0.00638188          7.587376650699163e-21                             26                              6                       0.405132
         4.829966729900867e-23                     0.02175337          2.220330334978381e-21                             14                             10                       0.675219
        4.1667772609249994e-23                    0.006043351          6.894812598051974e-21                             28                             12                       0.810263
         3.820912101491546e-23                    0.007336931          5.207779794428415e-21                             23                             12                       0.810263
        3.5332786714488825e-23                    0.007901611          4.471592782090744e-21                             19                              4                       0.270088
        3.5213738153365967e-23                    0.007003238          5.028208116497821e-21                             24                             12                       0.810263
        3.3515159983896503e-23                    0.004344722          7.713994125261985e-21                             38                             10                       0.675219
        3.0404500944089244e-23                    0.007482467          4.063432681238587e-21                             22                             10                       0.675219
          2.86858895380896e-23                    0.004866197          5.894929765089576e-21                             35                              8                       0.540176
         2.711310246928246e-23                    0.001928501           1.40591591444767e-20                             49                             10                       0.675219
        2.5695065435568862e-23                    0.008670934          2.963356131596534e-21                             18                             10                       0.675219
        2.4684727485319915e-23                    0.004608068          5.356849657018932e-21                             37                             14                       0.945307
        2.4455632590465318e-23                     0.00537934           4.54621432935366e-21                             33                              8                       0.540176
        2.3506839212158054e-23                    0.006366913          3.692030849511852e-21                             27                              6                       0.405132
         2.093176877577177e-23                    0.006024995          3.474155377020523e-21                             29                              6                       0.405132
        2.0861243476091087e-23                    0.005339984          3.906611607093034e-21                             34                             14                       0.945307
        1.9854976542166794e-23                     0.00331286          5.993303834803401e-21                             40                             12                       0.810263
        1.9784122968801608e-23                    0.002387739          8.285714212818742e-21                             43                              8                       0.540176
          1.80576855557962e-23                    0.001673817         1.0788327251901611e-20                             57                              8                       0.540176
        1.8012168709144202e-23                    0.005705398         3.1570398259935944e-21                             32                             12                       0.810263
        1.7152674958860454e-23                     0.00788308         2.1758849280814672e-21                             20                              4                       0.270088
        1.6062281483814284e-23                    0.001470486         1.0923110783655392e-20                             67                             12                       0.810263
         1.526067903836461e-23                    0.001939675          7.867647434938642e-21                             47                              8                       0.540176
        1.5222213326363037e-23                    0.006611606            2.3023473156693e-21                             25                             12                       0.810263
        1.4487949771515835e-23                    0.004101758           3.53213177654943e-21                             39                             10                       0.675219
        1.3925869272138646e-23                    0.004854785          2.868483212364429e-21                             36                              8                       0.540176
        1.3176490859022171e-23                    0.002072407          6.358061355236771e-21                             45                              6                       0.405132
         1.313209563746586e-23                    0.001836785          7.149500696851215e-21                             52                             14                       0.945307
         1.249864582549069e-23                    0.001139518         1.0968361908711132e-20                             82                             12                       0.810263
        1.1720464877233503e-23                    0.001820656          6.437495538549569e-21                             55                             10                       0.675219
        1.1135544709018588e-23                    0.002401574          4.636769347527325e-21                             41                              6                       0.405132
        1.0697692972630908e-23                    0.001276289          8.381873519736446e-21                             75                             10                       0.675219
        1.0562698956025013e-23                    0.001320512          7.998942043711085e-21                             74                             12                       0.810263
        1.0161548383755902e-23                    0.006010865         1.6905301289840817e-21                             30                              6                       0.405132
         1.011116001838662e-23                   0.0005058004         1.9990415227798594e-20                            109                             12                       0.810263
         9.582339049795501e-24                    0.002274182          4.213532184229539e-21                             44                             12                       0.810263
         9.120121094586908e-24                    0.001410874          6.464164124214429e-21                             70                             10                       0.675219
          9.04070109746084e-24                    0.001479007          6.112683102555187e-21                             65                             10                       0.675219
         8.766291610220857e-24                    0.001669891          5.249619053112363e-21                             58                              8                       0.540176
          8.54501378812963e-24                   0.0005861384          1.457849168068434e-20                             98                             12                       0.810263
         7.805988117358348e-24                    0.001580215          4.939826616858053e-21                             61                              8                       0.540176
         7.779683736589022e-24                    0.001400552          5.554726805280362e-21                             71                             16                        1.08035
         7.707484773440549e-24                    0.001634969          4.714147346794067e-21                             60                             10                       0.675219
         7.408457871933016e-24                    0.001935126          3.828411107045751e-21                             48                              8                       0.540176
         7.404422008411408e-24                   0.0008688852          8.521749488207888e-21                             90                             14                       0.945307
         7.377998484228072e-24                   0.0006262477          1.178127837312308e-20                             97                             10                       0.675219
          7.19403818105057e-24                    0.001508344          4.769494346813837e-21                             63                              8                       0.540176
         6.596896748736078e-24                    0.001831206          3.602487513002949e-21                             53                              8                       0.540176
         6.396664498008024e-24                    0.002067546           3.09384386030977e-21                             46                              6                       0.405132
         6.257528886029107e-24                    0.001006893          6.214691020822577e-21                             88                             14                       0.945307
         6.235200637007197e-24                   0.0007257169          8.591780950680902e-21                             93                             10                       0.675219
         5.990030806468863e-24                   0.0003856739         1.5531335686622462e-20                            141                             14                       0.945307
         5.691093640256092e-24                   0.0005087312          1.118683823649128e-20                            106                             10                       0.675219
        5.6767488583794256e-24                    0.001734069         3.2736580022936952e-21                             56                             14                       0.945307
         5.405868422563524e-24                    0.002395942         2.2562601359146108e-21                             42                              6                       0.405132
         5.402924358181407e-24                    0.001075795          5.022262009194509e-21                             84                             12                       0.810263
         5.249410409677004e-24                     0.00186753          2.810884114138463e-21                             50                              6                       0.405132
          5.19330890025647e-24                    0.001273296          4.078634426132235e-21                             76                             10                       0.675219
         5.062217971322026e-24                   0.0004469318         1.1326600549171095e-20                            121                             14                       0.945307
         4.979362827238243e-24                    0.001026866          4.849087249201203e-21                             86                             12                       0.810263
        4.5660494207618276e-24                    0.001246667         3.6626055079358224e-21                             79                             12                       0.810263
         4.555787061901615e-24                    0.001321063           3.44857668551887e-21                             73                             10                       0.675219
          4.44702434756254e-24                    0.001122697          3.961019177536361e-21                             83                             10                       0.675219
        4.3889027459269485e-24                    0.001475538          2.974442370123269e-21                             66                             10                       0.675219
         4.370858030732892e-24                   0.0004775153          9.153336093593006e-21                            116                             12                       0.810263
         4.261877621649971e-24                    0.001150116          3.705606757622684e-21                             80                             10                       0.675219
         4.152726855789237e-24                   0.0006298765         6.5929223519042816e-21                             95                              8                       0.540176
         4.028206209395513e-24                   0.0004557972          8.837716004827396e-21                            119                             12                       0.810263
          3.78949935723073e-24                    0.001576509         2.4037283372506787e-21                             62                              8                       0.540176
        3.6938435685503025e-24                   0.0005533607         6.6752907616140836e-21                            103                             12                       0.810263
         3.633385191940041e-24                    0.001271396         2.8577919011386235e-21                             77                             10                       0.675219
         3.581380564336857e-24                   0.0005117211          6.998696290492726e-21                            105                             10                       0.675219
         3.492422830516228e-24                    0.001504807         2.3208443544695287e-21                             64                              8                       0.540176
        3.3715054771480295e-24                   0.0003879087          8.691492294831309e-21                            136                             12                       0.810263
         3.324307075815386e-24                    0.001635651          2.032406103634202e-21                             59                              8                       0.540176
        3.2449427018662204e-24                    0.001390047         2.3344122190589386e-21                             72                              8                       0.540176
        3.2025325484496994e-24                    0.001826911          1.752976772513658e-21                             54                              8                       0.540176
         3.109844700699925e-24                    0.001423996         2.1838858400584866e-21                             68                              8                       0.540176
        2.9498635632184833e-24                   0.0007829877          3.767445597444868e-21                             92                             14                       0.945307
        2.9393366065987853e-24                   0.0005643372         5.2084757244406094e-21                            101                             10                       0.675219
         2.891358335144299e-24                   0.0004541729          6.366206207249043e-21                            120                             10                       0.675219
         2.874315085316707e-24                   0.0004288138          6.702944460548394e-21                            126                             12                       0.810263
         2.762801512951035e-24                   0.0005075381          5.443535200512109e-21                            107                             10                       0.675219
        2.6989307975207638e-24                    0.001007314           2.67933414756547e-21                             87                             12                       0.810263
         2.682839624851969e-24                   0.0003956033           6.78164116642093e-21                            132                             10                       0.675219
         2.634495625101994e-24                   0.0008560587          3.077470768186801e-21                             91                             12                       0.810263
        2.6132930484043615e-24                   0.0006335784          4.124656156845564e-21                             94                              8                       0.540176
         2.548381474921371e-24                     0.00186315         1.3677811635785474e-21                             51                              6                       0.405132
         2.460149183474308e-24                   0.0004802822           5.12229931376659e-21                            114                             10                       0.675219
        2.3863812455884827e-24                   0.0003475464          6.866367327034557e-21                            150                             14                       0.945307
        2.2672873911218183e-24                   0.0004584384          4.945675124775364e-21                            117                             10                       0.675219
        2.1524821467012124e-24                   0.0009694423          2.220330334978381e-21                             89                             12                       0.810263
          2.12167375541185e-24                   0.0003901885         5.4375609619756866e-21                            135                             12                       0.810263
        2.1097919121217362e-24                   0.0005623262         3.7519004309629115e-21                            102                              8                       0.540176
         2.068974052990559e-24                    0.001147419         1.8031547786733172e-21                             81                             10                       0.675219
          2.01598516026103e-24                   0.0006283993         3.2081276351851924e-21                             96                              8                       0.540176
        1.9849838919188395e-24                   0.0004086042          4.857962526863012e-21                            130                             10                       0.675219
        1.9693778870734747e-24                    0.001247187         1.5790558168690617e-21                             78                             10                       0.675219
         1.957637822952104e-24                   0.0004898092         3.9967355103826224e-21                            111                              8                       0.540176
        1.9223619766339274e-24                    0.001059914          1.813696183495951e-21                             85                             10                       0.675219
        1.7413154752831935e-24                   0.0004303084          4.046668564413787e-21                            124                             12                       0.810263
         1.654413859737329e-24                   0.0005676073         2.9147156136598823e-21                             99                              8                       0.540176
        1.6367326937890117e-24                   0.0003869989          4.229295467736502e-21                            137                             12                       0.810263
        1.5746110317106974e-24                   0.0003521365          4.471592782090744e-21                            146                              6                       0.405132
        1.5481612184123203e-24                   0.0004831049         3.2046067394727733e-21                            113                             10                       0.675219
        1.5135215025938134e-24                   0.0004167839           3.63142986711774e-21                            129                              4                       0.270088
        1.5097065516466626e-24                    0.001420656         1.0626826984482258e-21                             69                              8                       0.540176
        1.4484202678102171e-24                    0.000505906          2.863022513688743e-21                            108                              8                       0.540176
        1.4358106821076475e-24                   0.0004015171          3.575963967929753e-21                            131                             12                       0.810263
        1.3431810474529735e-24                   0.0003495602          3.842488496839667e-21                            148                             12                       0.810263
        1.3024127879020202e-24                   0.0003946755         3.2999585429093526e-21                            133                             10                       0.675219
         1.249878075642392e-24                   0.0004287749         2.9149982325047293e-21                            127                             10                       0.675219
        1.2397181566623845e-24                   0.0004289928         2.8898344136833637e-21                            125                             10                       0.675219
        1.2101213562131025e-24                   0.0003645767         3.3192503970031617e-21                            145                             10                       0.675219
        1.1943053538298895e-24                   0.0004791558         2.4925198731391533e-21                            115                             10                       0.675219
        1.1597394976485225e-24                   0.0003734806         3.1052201845250392e-21                            143                             10                       0.675219
          1.14510452140573e-24                   0.0003864215          2.963356131596534e-21                            139                             12                       0.810263
         1.104399609032616e-24                   0.0005160336          2.140169959926284e-21                            104                              2                       0.135044
        1.1006784915610016e-24                   0.0004573632          2.406574231510103e-21                            118                             10                       0.675219
        1.0476947247216908e-24                   0.0004971312          2.107481334347333e-21                            110                             10                       0.675219
        1.0226823295943225e-24                   0.0004224837         2.4206432806622423e-21                            128                             10                       0.675219
         9.801041702124198e-25                   0.0004328018         2.2645565942942468e-21                            122                             10                       0.675219
         9.503558070639586e-25                   0.0004886604         1.9448185428243392e-21                            112                              8                       0.540176
          8.58069850952236e-25                   0.0003857544          2.224394202508736e-21                            140                             10                       0.675219
         8.031526511121161e-25                   0.0005662761         1.4183057542285752e-21                            100                              8                       0.540176
         7.644116572037499e-25                   0.0003513107         2.1758849280814672e-21                            147                              6                       0.405132
         6.542660511099308e-25                   0.0003934768         1.6627817729277325e-21                            134                              4                       0.270088
         6.520614341665219e-25                   0.0003487404         1.8697616742038542e-21                            149                             12                       0.810263
         6.206729392778073e-25                   0.0003790636         1.6373847008201454e-21                            142                             12                       0.810263
         5.630077935545657e-25                   0.0003726047         1.5110056141389673e-21                            144                             10                       0.675219
         4.938939570159581e-25                   0.0003865828         1.2775890624620602e-21                            138                             10                       0.675219
         4.758019501810431e-25                   0.0004317868         1.1019372296259245e-21                            123                             10                       0.675219
